400
8.87882 -61.82573
54.57192 -22.60832
6.74145 86.87963
32.74029 125.55591
-49.84770 -24.13960
3.00933 112.47050
-83.64919 96.34065
-64.35228 -158.26342
68.40487 -39.15025
-22.23610 67.84225
45.22714 64.43223
89.41446 -66.49999
-15.24726 -15.53972
-9.78133 -58.24397
34.44003 -55.65295
88.19774 -51.44673
-71.74700 -82.21353
-78.24202 148.77789
-68.58198 50.73572
-61.78086 -57.99390
-42.19880 -93.97793
3.33160 -153.35500
-67.68474 -10.74693
7.82413 -153.16883
52.48199 41.34593
60.52061 118.81613
-53.73072 13.14648
-29.53603 136.54128
-4.65951 -19.13919
14.73025 68.07361
10.05601 -71.03055
76.71611 43.38025
44.81496 124.98275
70.19526 -30.38088
53.11868 88.90183
-57.09562 42.68207
-75.62022 11.02664
-54.73296 61.34119
76.31402 -117.08136
16.46065 -0.96419
42.11433 -49.43631
-43.91089 81.35159
64.81022 54.82043
-55.42535 149.47485
75.18735 22.48767
-27.03792 -88.57138
-10.52177 1.40344
59.39933 -34.82550
8.38999 -55.31331
30.38989 -131.66861
33.65472 15.08979
67.34298 166.85248
-32.75904 -93.39173
6.38156 174.34051
-77.73943 168.37013
70.07437 -79.23772
-68.43404 -52.48361
-68.29350 87.13254
-27.75813 -62.68316
-28.04165 136.82814
3.15330 -102.13077
45.31770 -167.26229
-12.85026 44.92226
-46.63465 144.93940
-82.80543 -105.95898
-69.43659 170.82570
55.29408 121.44101
-30.83362 14.77451
-43.45875 66.17739
-74.29674 -61.87989
-64.73076 45.96704
-33.17361 -167.62446
49.50654 -134.21836
-27.25044 -179.90012
61.81183 -63.81405
14.23855 140.56416
39.53033 171.77398
-56.06441 60.10018
63.90076 143.26927
6.73896 -94.79339
64.79396 -138.51679
56.21049 -138.00507
-15.82093 96.01436
-72.52970 80.14510
-29.62975 148.74172
34.51169 -143.76341
31.51120 -105.22898
-66.40873 -151.98668
45.45209 148.17088
-33.22607 54.20588
-84.65880 -101.84786
9.90299 -102.84116
78.80377 124.50613
-69.45656 -94.74855
-43.51393 -63.76217
42.67075 140.17845
-21.67304 107.90907
-46.17424 179.25191
-71.99546 100.46819
81.90754 -178.07825
47.32342 172.80245
26.42271 -103.65198
-68.04712 170.17960
-29.89062 -173.39959
-69.83796 -162.96442
-30.26347 104.50424
20.92281 70.49759
-9.07747 79.82461
81.69174 -154.62685
-89.34498 44.38037
-32.95994 2.05565
-16.68070 123.49947
72.24147 108.68323
-12.53676 -139.50436
-42.28680 -65.28980
-29.98717 161.22331
19.12895 -18.64112
-65.47979 -67.62412
-34.97705 175.34220
87.31858 -147.23963
-27.55343 135.66687
-57.92008 -126.66235
-80.47621 90.99112
44.67168 65.00688
33.37451 -132.65683
71.97394 64.94723
-4.88588 92.20775
23.40079 109.30306
83.46773 -129.37684
-21.40311 -135.60314
77.95940 -128.27412
-44.56114 127.71057
60.60547 29.11625
-14.97699 70.84881
14.05900 -76.97076
50.36043 -167.44179
40.31265 -52.81258
-72.86974 70.95307
-83.11162 40.20690
30.35994 -35.86546
3.81598 148.43301
-33.24600 -36.91984
3.87597 57.36645
-80.46569 -30.43773
81.82274 69.67116
-28.66709 -69.21183
47.28541 91.52067
-69.11749 142.43620
-13.41911 28.02382
83.83427 6.52154
75.43282 128.62421
-9.64822 104.38889
45.24013 -141.78648
31.12915 131.45299
-17.92917 -43.50055
-55.65652 -75.05851
-89.85606 -120.55809
-70.45183 104.84936
-15.35635 71.93536
-52.42941 -81.81110
46.50587 -60.75577
28.48246 -41.27686
-11.96880 -97.50051
-73.53927 -132.49181
-77.88799 -158.15851
17.86850 66.11629
-72.72788 -94.36887
-49.09841 -76.28667
86.68716 -90.77017
-62.96221 148.97676
-68.69692 164.36738
14.66646 -80.68126
-71.73885 -69.20576
63.01136 110.43153
46.49329 -116.85233
80.35351 103.51741
-21.48778 37.46118
-15.36173 -12.36850
54.33772 -118.27311
-73.96739 163.73724
-55.08640 168.59412
52.29986 21.45940
89.59515 -23.47670
-78.87819 -160.25776
86.12795 -106.33225
2.60381 26.84432
9.76565 126.65016
59.59493 -27.85823
48.23005 -67.93210
77.25987 -51.26003
-45.82930 45.10561
69.26118 -24.07869
56.83780 -74.85534
-56.76607 24.18796
75.05151 -28.07427
79.24374 15.29337
4.44626 150.47459
9.67205 88.98515
10.22059 -3.34712
88.71043 -148.60864
-0.47019 6.89204
5.38858 51.66731
-65.04004 -59.28898
74.12414 22.49221
-64.33971 176.16760
14.06276 -74.31082
51.67405 146.83351
50.65340 -113.46912
76.87066 -24.92363
84.76074 142.24393
64.04840 -36.21498
87.77168 170.01746
-35.19392 -21.36579
-31.73618 -131.69425
-64.48485 -29.36346
22.05089 14.46508
-1.65944 179.49173
-64.46393 94.59024
77.46264 -0.39386
17.65807 56.79173
87.98724 -97.61715
-14.92838 139.73652
73.91386 121.29971
-61.76200 -71.77300
-82.00417 45.81821
-59.98233 9.46682
-17.48844 129.70178
36.54053 125.56184
12.94796 158.71040
-85.16995 -47.28852
-26.77167 -27.14198
25.74084 -125.99584
19.63621 38.09613
24.90802 -144.66941
53.67270 89.41746
-59.22861 -129.60961
-14.95700 126.00732
-5.67516 -35.79704
13.42866 -31.54157
-45.26137 155.07465
-40.15821 -122.16229
53.87387 118.94774
-26.38806 -124.29474
-31.40148 106.95155
-13.29614 -161.24139
-34.84502 13.12364
35.43805 64.44632
-33.99649 35.56795
1.63185 -26.77503
-16.43515 -108.40385
-5.98996 109.79278
-63.16954 -5.70324
37.81943 -48.61098
16.10461 142.21637
80.35258 141.44793
54.66488 -127.63084
72.98212 -11.85456
-20.16451 -154.30829
87.04357 -149.64636
84.76955 -111.10124
45.21859 175.78156
17.15187 -67.63934
-67.92446 41.16927
-49.37371 75.32452
74.96962 53.05830
-74.28908 143.29277
-88.76995 -78.07844
31.26737 117.56215
-76.45598 53.15952
-18.71364 6.91222
-66.27512 146.97719
68.65632 17.00771
-33.34249 -109.79720
45.21875 5.54305
39.81763 -120.30775
54.00202 142.80664
15.01755 79.31917
-42.24284 42.84374
-12.94624 116.20087
2.96120 79.35806
-24.95060 93.44516
-45.85293 -23.29656
77.78851 -141.05814
38.98783 57.02381
54.04571 -109.99017
-86.13795 -45.50686
62.91052 125.32917
74.52635 119.53748
-13.63145 -164.68120
21.92017 -65.51332
51.31524 -3.98990
43.51294 116.77313
-20.41420 -172.15867
-27.51780 151.64713
-53.56542 82.43649
62.71232 43.43986
-69.76283 22.01760
-43.70916 -108.69366
-51.08754 -164.67400
-25.53829 -78.54364
-65.09468 47.43096
-37.05123 176.91911
-28.06480 27.03716
48.82281 51.55624
-84.71060 -56.60437
-76.42859 81.14273
-80.26628 -24.04018
-4.67544 134.70991
-7.49817 138.49400
16.53365 -72.74233
-2.13026 68.75600
-20.64734 143.92696
7.44939 -128.17440
7.38205 -174.82666
-6.87271 173.54806
-60.68935 51.54274
-74.49582 -91.71324
70.86662 -129.62125
82.69907 68.86933
-23.16744 50.37057
8.39855 -70.35254
-0.97907 27.84294
-82.64153 -161.26340
-25.50581 -52.30174
-28.06376 128.92481
-21.01862 169.12333
44.20662 -154.25746
69.95453 -176.08953
88.20712 -112.52199
-61.71806 14.61033
-86.99104 81.01880
84.77838 65.25296
-5.44884 87.68182
1.46513 152.27117
16.56812 -101.80876
-17.24260 -129.81823
-63.77709 -9.60993
-25.59820 -140.06670
-46.39836 150.99439
-17.01605 -79.13964
-42.47109 108.83979
-47.05654 171.31786
-32.99908 27.78575
48.55485 91.30324
-39.44793 -4.22929
-32.82675 -52.87715
54.08268 152.24281
66.87661 171.31175
56.62127 151.63267
57.06261 66.63424
37.49097 -90.55659
2.95386 -112.14246
69.37038 -165.16709
47.30952 -165.83884
-69.56078 104.26422
-23.65787 -19.95115
-65.78144 166.96753
81.90025 19.75478
67.80287 -28.88336
11.58044 65.35200
8.95423 27.50848
-73.96876 52.78741
71.02980 -8.54297
-44.84122 -41.20303
31.48001 126.34876
-37.07485 -67.27626
-54.36921 154.20459
59.08232 -172.43459
9.68357 -166.12748
-1.42346 -169.03307
-41.96203 89.30627
-75.77030 72.34121
79.38570 138.64073
85.25644 27.24345
-69.48694 122.24184
14.95242 18.51197
88.21142 150.33450
85.05066 40.21524
-49.90229 92.43060
-9.90082 -121.27370
-89.40922 -46.24885
60.33841 25.25648
-15.37394 -169.03168
-52.02960 12.38283
89.25629 127.00487
69.19637 -98.42500
-69.73883 -122.17724
-78.02485 -79.90909
66.79927 144.37649
4.82329 75.23065
61.64802 27.63391
-11.86093 -78.23188
62.38456 101.04990
-33.14518 125.25683
-40.34759 65.82046
-33.19440 -0.97053
-41.33717 -130.95435
-64.61674 -113.01380
69.16079 147.05919
77.54974 115.35361
