30
-7.90190 60.03942
-84.70832 -90.01806
77.66404 -93.02295
-67.61635 121.85719
-25.60465 -130.84193
51.65887 171.88875
-55.42885 -143.90216
75.27341 -38.65971
-52.17340 107.79395
-74.60815 177.44634
3.54015 -114.58793
-31.06330 51.44698
30.09361 -21.65614
77.82257 -96.44813
-28.85146 40.45283
88.75395 -126.74130
9.93419 97.04813
20.86782 115.70344
-0.04993 -10.42556
26.90078 -131.36678
22.34506 134.74329
30.28164 117.19000
6.41851 -145.73954
-9.25967 149.79304
-82.86370 173.13365
1.81694 12.38971
6.00945 -30.22062
-82.31276 19.31960
-51.02107 -49.91536
5.41071 -151.82348
