69
81.96617 -65.92902
-79.01184 -154.87704
-18.31665 148.37112
-78.91712 44.60057
-56.99327 96.89978
-39.81146 -142.28825
-88.61512 175.05519
55.75650 134.27049
-70.95140 -58.84809
-77.64793 119.00034
-58.60487 -81.97813
-55.59861 -58.39528
26.68869 150.18020
-13.28545 174.91333
54.22585 -31.62940
-10.40206 41.17817
57.50724 70.69099
-71.26137 54.74136
-33.68916 97.51209
-63.71891 72.53082
-76.40919 -168.69365
71.10411 112.37465
54.28525 120.41163
40.40511 -151.98685
-87.84091 85.33193
55.10225 -155.73134
-52.51976 -98.01915
-85.18324 58.55323
44.36044 29.13121
-89.23621 -46.96702
73.29292 -16.38069
-30.91721 78.31231
-67.91612 100.25550
-88.74097 -92.82537
-49.96285 51.35090
32.75174 -143.99501
-6.35715 -154.40649
46.07448 -90.99170
7.46678 20.90172
-17.88830 -6.87615
17.06487 118.56288
-34.46540 -42.80749
1.58750 155.43494
83.66276 -164.30983
-28.66437 -173.60069
89.39680 -151.20163
-79.87274 -4.19996
55.96165 179.76293
62.56281 -163.36614
-77.43449 -124.30092
56.14567 -143.26489
-61.80271 -178.51391
-85.28076 14.93884
-50.69869 100.24868
52.28736 -73.46395
46.41948 -12.80633
-24.15668 -139.06175
-13.53578 -47.82228
79.47673 86.34977
-68.29611 52.37768
74.28671 41.21844
-62.68958 -132.21465
-43.19330 -159.78724
-18.25846 -68.61388
36.34442 66.04252
44.93800 74.09362
41.66437 136.67257
13.61981 98.42071
64.01082 -32.00472
