500
-76.94998 78.79687
88.30740 -27.63727
-38.05152 -65.62402
11.37375 -105.41529
33.62703 176.35235
64.49388 157.56905
-46.96290 -134.63005
5.44118 -42.10118
-44.89380 -41.96785
21.09333 15.08964
47.41418 25.37893
81.70482 53.33163
65.93040 -67.82048
45.00674 -72.61229
78.58700 -123.20379
-27.83173 -61.53421
-70.63683 11.58908
0.32240 -73.54633
33.80885 22.47982
-30.32564 -21.62231
-79.76594 127.47499
-53.80981 69.55414
49.11198 21.66879
43.04474 -103.68114
-4.68574 135.98921
17.36727 -134.92387
-51.43706 4.57715
64.02559 25.17644
1.61480 -172.56988
-62.93167 -105.05139
0.81272 167.69630
-84.66193 -86.59394
6.94609 170.10148
-80.69476 -136.54183
-78.87460 -80.65022
19.59469 -159.86499
61.52942 -10.97853
-23.26510 133.83689
22.24082 -122.34813
7.89454 -60.79823
-10.20945 152.90946
26.18597 12.95295
54.16435 14.44770
-1.80673 -163.93687
-73.12309 92.75571
-49.08760 65.11648
-51.85491 45.32897
-13.11092 -116.72823
-6.08255 -44.26526
34.34337 21.66263
-35.48630 161.97990
41.37004 100.44534
-3.11755 93.18322
-67.97059 -103.66048
11.81338 -110.77320
74.12447 150.01546
70.11876 -58.90690
12.71747 -62.55797
-65.20906 -143.82004
-36.40838 -75.42363
54.62233 68.76327
-21.92078 -108.76697
-44.36543 36.35323
-73.77933 -100.34939
59.80745 -89.00215
27.37224 168.63359
65.95343 74.63921
72.35583 -41.09482
18.33117 39.76686
-71.02771 174.18160
-24.89542 -109.27912
56.15687 -61.46546
64.32292 -74.72209
71.16341 119.82547
32.34137 -179.14561
61.21627 -29.38944
-75.84751 65.60013
63.26704 11.83778
85.98282 54.40843
-46.66607 -132.16700
-29.23895 -176.93090
-77.31209 -145.22493
27.61444 -147.73358
6.53067 80.34316
80.82010 -158.99833
-31.48864 168.15291
59.83986 151.67730
-48.97175 164.40460
-68.25851 12.42313
87.27401 168.15387
-82.69794 156.48596
65.02026 119.70914
22.78072 97.43094
63.67815 -28.78245
-32.17218 -0.58925
-9.20335 3.51060
68.73739 106.69884
48.81022 -166.25046
10.08272 125.13494
-78.20994 147.05779
-0.14807 -167.89906
39.75240 -111.17223
39.89651 -56.54580
-16.86842 110.19190
-51.39218 -20.51679
-51.28240 -133.03622
38.55027 27.45928
-20.52999 -87.61506
-52.95146 103.93388
9.74751 -43.29555
-82.43605 -133.38967
51.74962 -179.13502
-26.44524 -52.40565
-35.71913 -3.35516
-56.42419 -140.39041
29.61995 12.04616
-43.21539 95.67773
5.89563 -159.56619
-1.79911 -145.02903
87.26222 -133.82594
82.68528 -26.61380
32.62596 -160.83402
17.07171 -15.10355
-12.54007 -137.38838
-65.78487 107.65355
30.87125 21.42294
-44.57881 -128.43746
-54.96629 -40.60488
-50.95788 158.93865
-67.14424 -152.98359
82.92202 130.40525
-1.19317 -145.92876
-29.56621 -149.15520
50.64479 170.37020
56.13379 -133.81237
-44.10838 73.92985
-20.62561 162.51807
84.92174 109.95134
64.72929 -20.92534
42.50699 20.12524
12.14488 125.24006
-87.74250 20.68051
49.10133 -98.58837
-12.25661 -158.60117
82.13961 109.31101
-57.07256 53.94627
-20.48839 152.60188
73.02997 -141.51365
-61.03314 86.31433
-52.47553 -35.40202
-57.90416 77.63715
-71.03116 35.48751
-56.11984 69.50897
-65.92223 -104.64110
61.91717 172.80793
77.83708 17.56695
50.67839 5.16367
-63.71732 178.85640
21.86214 32.70237
82.50000 -121.99640
75.40146 -124.89422
-48.49555 57.92255
19.95245 144.28604
-15.57519 -114.68170
30.80788 85.82070
-14.09600 -149.81384
-89.20954 111.18918
73.57508 -113.95384
-52.33707 136.99277
-78.42779 127.76484
-71.26619 -36.65062
66.68800 -77.05171
58.55299 -86.67593
-35.15394 -167.32767
39.24027 -86.95662
60.28304 -119.47515
-2.57224 -179.64247
74.20907 -141.83466
43.06515 168.64000
-52.49418 -144.55573
27.83517 178.76969
34.76534 144.13706
-28.50947 -128.82135
-58.29946 55.16426
-15.06467 69.13379
-45.77618 2.19036
-34.39893 -67.84921
88.21342 124.42295
59.33845 -121.40939
73.23579 -151.14573
-19.07168 134.74144
40.54669 48.36948
-77.27724 11.19453
-77.34237 -60.44292
52.90028 29.65341
24.85194 5.75510
72.72853 93.11938
-78.57464 -74.54783
23.10103 115.93032
67.91060 -175.05152
33.18475 -161.79962
-56.89498 11.43697
-27.13612 64.76638
-8.98409 -84.66070
-79.16452 -134.40426
66.16036 121.62821
34.79265 -130.01189
89.29685 -141.71770
17.42679 144.16582
-2.57574 -17.60956
0.45071 13.17283
-60.09974 -157.48493
82.61053 -12.63089
67.67081 -71.29592
-75.76148 47.73893
-85.58453 -178.82891
1.85326 129.18605
-35.38558 177.92580
-75.26858 145.74181
-29.52652 48.52808
-4.32178 -106.42187
12.69177 16.30306
50.67472 -39.23210
28.07623 -66.15922
38.37790 -164.78326
-13.86624 86.01995
-82.62357 -37.50432
-70.58872 8.07765
73.88805 -158.73688
20.39894 -11.20365
-28.84501 9.11892
-27.67882 42.57626
-77.49102 156.31447
-9.45565 -68.25443
39.25330 6.41229
-72.77099 -72.70556
67.31633 -0.71529
20.34681 167.56140
-42.71563 79.96718
-60.52872 88.75133
63.26268 -178.82020
87.87430 94.73824
17.77172 8.99073
-18.70027 -15.86216
-65.58561 -144.44725
-35.61056 -107.35012
89.31692 -63.18588
-8.19697 67.92553
-82.16110 88.78551
-60.62235 -70.22264
-35.84568 -88.31742
-46.26918 83.97883
84.59459 -14.99848
-64.20139 123.63993
65.45963 -1.22258
-5.67000 -152.49706
5.14103 115.53399
68.50159 164.99239
-78.21447 -77.86637
21.33257 -23.96486
66.16190 108.61892
85.56327 -139.02252
29.31633 29.10421
-22.21763 14.78229
-31.89049 -125.19787
7.27534 177.00184
67.03165 142.43997
-18.93887 0.55692
25.80414 -178.07080
15.41473 -162.32472
4.01028 88.22252
-44.33944 -121.69485
51.64807 -58.03177
85.98714 -0.98089
78.48317 172.11071
47.57870 137.60250
63.89012 -77.90841
-3.51288 12.50597
-46.67039 -143.19317
-37.88556 108.40445
53.98640 22.67000
-84.12698 108.75070
-74.18503 133.88530
-69.79195 -95.34996
-53.32054 -2.84982
-16.13747 -163.82811
-35.38763 3.84054
53.01315 -125.71071
89.19330 3.64451
-81.81201 179.09138
-50.75710 -44.64222
63.46039 -85.96935
10.25002 103.61725
-29.47620 -174.93213
-29.64479 -8.75167
-22.74622 38.87976
-81.86339 -54.43395
49.96091 121.46282
35.44879 -148.67961
66.87521 153.68271
-10.49782 -104.09842
16.03500 120.21356
-77.02106 79.28227
-56.96749 -51.85527
61.00887 -54.09298
31.84375 76.60402
68.69408 -172.52686
3.61259 140.36160
-68.33249 -114.26164
25.77460 13.42880
41.62828 -60.60860
-1.63905 -51.44806
-15.50381 -70.54223
-59.41222 118.02927
39.31610 -5.14448
20.11016 -11.34708
-80.70412 -178.45175
51.87050 97.93695
8.79333 -81.38404
41.90477 9.12645
63.03093 -30.27699
-8.94295 97.36362
76.71573 -102.51609
-88.30811 100.97255
29.84416 -45.65874
-63.76676 170.85373
71.68915 -174.91799
29.29446 55.75020
-59.57051 -59.51703
-16.67522 123.80972
34.45333 -146.64701
-49.60358 150.34053
47.32690 7.20173
54.26613 169.56619
48.13236 104.06352
89.68044 145.64712
57.07109 1.83876
-39.05572 -95.12373
46.58671 109.89232
33.39881 -6.16331
21.64546 -159.75668
80.36930 68.98417
-45.96606 -53.00169
-81.62157 -176.36250
26.58078 90.10259
-80.41669 -64.43162
-84.76349 -88.34083
52.97564 -155.75279
-9.07774 -161.13671
-76.91713 58.63830
30.69154 -150.61185
21.51535 -96.40887
-79.87004 114.78811
-7.80576 137.12913
-49.18546 38.19544
-20.06478 114.06179
-8.65890 -61.88961
60.74551 140.53572
73.55475 -159.36732
13.77034 6.33685
44.02303 139.45626
10.69608 -124.34200
80.70441 -53.30968
-73.07509 -97.78202
-69.13954 33.84280
-64.10837 22.66205
-0.73589 52.40559
46.21737 -37.26737
-81.44401 -154.84889
89.25454 -148.18528
-65.54313 109.98394
-37.60700 89.04567
83.67746 -2.94071
15.09961 68.24361
-75.04968 14.00263
-7.46845 -116.93857
76.75872 -7.16619
30.84477 -134.58013
-25.16339 50.73316
36.34287 -0.38019
64.92294 132.02872
-78.82635 123.34149
79.98116 112.92737
-31.33418 -113.37540
-42.87069 -115.38008
-18.27545 73.05459
88.96316 46.68501
-83.14843 -104.55668
-18.53067 -177.18090
-17.69357 141.13549
43.77761 42.10717
58.19821 86.76816
39.65080 140.81091
60.29518 -176.06739
-50.59156 -179.81331
-52.86324 133.52671
-59.79536 -144.86924
25.56972 -128.10585
1.98323 120.08641
-43.90224 174.91086
-51.86584 -77.06908
72.99039 -128.65756
-76.77638 -38.92245
-44.26835 -9.31420
29.59133 -47.58768
-83.41342 96.21898
2.11998 -40.24549
2.69898 15.28146
29.35835 -71.46014
-58.31701 -37.35800
72.47940 -170.98063
65.90966 -54.11878
-35.19111 51.44642
79.19892 -61.11202
9.52530 60.82418
84.09565 -153.58150
-31.96112 159.87772
-31.97341 3.13575
-68.69114 -39.66553
-34.70604 -26.05660
48.23520 -0.55443
-13.74192 43.17453
-74.82412 71.07137
9.49609 104.38985
60.20783 -2.23179
25.43004 -166.94798
-27.00358 41.10326
52.36810 33.45309
-24.17129 -61.17088
37.97424 62.41102
-28.14817 43.93091
28.33581 165.46311
23.09210 -116.81850
60.00360 -124.98157
-16.08140 -16.59936
15.42985 -92.74026
40.26860 -39.45270
71.04456 154.49912
43.28772 178.49378
-20.57722 37.23324
-55.08261 -159.62282
74.78339 -3.74372
88.67487 109.44792
-8.09363 -50.88184
73.01403 -143.62702
12.75256 -110.52671
-11.54804 56.47121
75.24805 81.65256
8.68548 -42.52762
83.55094 -171.16136
30.27244 60.49100
-26.04747 -71.95148
86.83962 153.64538
3.01861 -9.65843
-21.93536 139.73345
-63.86992 -127.96287
-11.17925 -68.98817
-83.67595 63.51104
-13.62499 -56.94799
55.68736 151.44962
-43.36232 -176.68958
-75.36808 -41.40281
62.13734 142.01183
37.37278 -2.01995
-6.60181 -22.99343
-7.99952 -110.25941
-63.30459 148.93783
-26.22901 -67.02704
-55.04654 115.19057
14.34186 22.44093
60.69102 133.67220
35.58194 119.47087
89.20694 143.51929
-23.81020 26.78383
17.42959 175.46011
-51.90129 -33.20275
48.83487 22.04086
-31.01900 -76.76897
-5.93320 72.32088
-72.28922 -53.54781
49.28962 -27.35842
87.98441 95.93100
-85.97726 -118.86121
87.71837 -120.95314
52.20487 2.74758
-46.49749 117.86231
-27.02803 -150.01487
-48.38747 -155.06249
-26.65215 -94.31250
-52.18066 -18.80369
56.45663 54.13746
-61.11569 -173.34574
-51.48030 18.07467
-81.53009 -13.49488
-66.60653 86.12179
8.76624 140.94648
88.33167 65.75944
82.86343 -118.86415
-75.65548 -144.94412
-20.93808 -77.13732
