300
16.78844 75.62709
25.57129 -171.85752
-1.46748 -117.74569
-9.04468 -21.87899
-76.54901 -53.46967
-71.61698 -37.17184
85.93854 -4.19556
20.37626 -5.10344
-73.46643 -72.95521
-35.69723 -144.08806
-28.03356 95.79938
35.24610 14.79958
-33.89443 14.43210
-68.11798 -40.22301
-36.07305 85.20984
-47.03617 -137.40155
-81.81107 -53.20903
-17.30423 58.97304
-37.85031 28.59214
83.03568 11.39654
-28.29635 -17.65089
57.34604 -116.74678
81.11335 -140.70829
-19.53050 -0.75628
18.13485 -157.19100
81.07947 150.68653
17.27076 -56.64802
51.29296 -137.49938
-18.20936 97.33697
32.99732 -98.96605
8.18876 -122.61567
-17.42455 46.17904
-48.52925 -155.17086
-31.59486 -136.41538
-64.12761 63.51237
-13.40685 64.62388
-82.34273 127.88751
28.27623 -170.66200
5.53264 -30.32467
14.17335 -176.58084
26.50944 172.77703
-80.49632 -2.07535
-29.37225 146.87951
-18.56307 124.31292
-5.39089 -90.28417
-46.01679 63.47994
-84.20442 -66.03113
34.37945 -165.32506
-67.25354 -79.53150
-33.05677 -1.67383
63.93861 83.40488
-53.58529 160.51764
21.78598 -46.53245
27.61832 -13.03017
-3.04995 -83.88341
-33.77065 -127.08750
-23.23395 -32.99865
62.93469 69.07878
-2.46362 -97.11718
-37.80675 -89.06098
0.42098 -73.04634
45.80182 70.28647
32.34728 -37.44594
18.38165 153.48738
35.49256 -145.90338
-18.39958 95.54666
-67.89165 116.56572
-74.68574 116.42590
-33.51678 -178.00792
-58.67872 133.29155
-28.02850 -61.28011
-39.38303 89.77584
-68.79556 146.29847
-26.59124 92.83034
-66.95376 -12.60067
-46.86055 161.24699
59.91897 -128.92079
82.77820 -17.12104
15.19478 150.89112
-72.05873 2.46218
-55.50254 -125.03049
-35.36331 55.02904
77.17809 -48.08665
-32.85391 -175.77281
38.20667 81.78698
10.66297 103.88127
-55.98372 -101.84669
76.03486 78.76913
-82.13170 135.39684
54.12552 -151.75912
-77.33774 -31.86135
57.14614 -179.99346
-68.94221 -140.66612
26.85442 -44.64958
-84.31499 -132.70669
-0.07134 -156.05585
54.95465 -179.52574
86.74722 -107.74474
-38.08674 -53.91339
-55.20624 -0.70897
-85.56322 -130.80401
-52.27363 49.23319
-88.81278 -79.32992
-35.50304 -15.78550
-17.60349 16.08503
68.05957 165.32328
-44.01960 69.80375
39.87241 157.38249
65.11271 -13.55570
64.72484 -7.94199
38.78646 -121.74512
73.72257 -16.40333
22.09932 -10.34717
-72.02295 -114.70082
36.91374 -2.29048
74.34401 159.41043
34.93564 -66.51860
-68.55784 71.95487
83.79709 -12.95016
36.83600 114.35355
33.69617 -17.68837
-66.57234 164.91102
17.08004 -101.56596
-24.68460 -99.81897
-1.41080 98.37716
-73.24371 -65.19712
-29.06607 91.71904
53.05156 -94.72280
-16.77725 -91.71439
-7.25226 -116.44356
29.83181 -13.29580
-77.73047 42.56424
34.17209 7.34016
66.64420 85.72878
6.15743 -57.85009
6.80547 -129.51261
46.06605 -22.28762
64.71217 -156.64140
48.89053 -178.96459
-21.23776 45.54744
-46.80528 -70.72077
43.49253 -18.17991
48.58390 35.44614
-63.41932 -116.05947
-72.33974 166.21740
-10.42148 -33.04026
11.31552 167.40340
11.07943 156.00984
-63.17251 -155.51586
64.78289 117.35714
-34.23130 -46.24471
41.66027 121.71469
58.51209 155.70067
-0.81039 127.32766
69.65453 166.85364
0.43621 -156.71695
-30.28583 -107.60566
5.93051 -12.23954
-44.03815 -177.40204
12.58021 -66.12408
4.52050 7.54045
40.77422 154.78819
-12.93607 -104.62380
-26.78837 -28.45423
9.38981 -56.81625
86.13556 -162.83946
8.71679 89.36656
39.76414 -91.99277
-60.70285 59.28595
-2.08932 133.10636
88.81074 2.71687
-24.02780 -88.03323
36.39742 174.27698
-78.37263 143.74905
51.29031 -125.35202
54.06326 157.65809
75.24050 -14.33376
20.57515 -55.34717
-36.91419 -34.94878
-14.02459 90.51727
-49.08347 168.31625
-9.54146 148.47194
-57.38062 -28.74168
-16.25921 17.50440
-49.43164 99.06714
15.54851 35.11622
26.58999 -166.22127
50.74164 -118.96846
-12.41073 133.50699
-40.77376 150.93204
58.91221 68.90908
-63.56688 178.39899
16.41295 -141.73292
4.52845 130.72976
-63.14821 -158.79339
-1.86216 -84.33270
-58.76322 159.91435
53.40515 -21.74828
59.89621 9.22015
77.07602 -94.67336
-44.73885 153.62671
-23.56824 121.52964
0.41198 179.61554
-71.14716 160.84962
-9.02659 109.44717
-4.80743 83.24592
79.27503 -99.88053
61.38120 -45.35558
14.92003 129.86775
-36.62359 -171.04363
-21.51232 135.78021
-44.14341 20.24527
-62.12969 -2.97257
30.73313 -41.42347
32.02801 53.74804
7.94781 -52.36180
33.23589 -54.33411
-81.18744 32.25595
11.11100 -153.72887
11.02067 -84.03941
65.58699 -6.11850
-69.37104 129.55667
24.67705 -126.76739
-58.10706 -22.04938
-80.14378 62.55770
-6.86556 7.48035
-62.73112 -15.03571
-56.44272 143.43389
11.40234 -121.35903
-15.34788 150.33974
-53.89946 -80.07211
27.42101 25.31029
-6.92882 -100.92386
19.66876 -32.03602
-28.24637 172.72299
4.99046 11.86404
42.71030 -48.93223
89.72544 -174.29298
-49.89864 -134.99069
-61.81635 -116.19449
2.97218 -81.79828
50.39525 -96.16818
-67.73347 11.07008
-82.59039 -66.56535
-61.58817 -57.35553
-56.00932 -133.35593
-32.19006 177.83662
-11.40634 177.24568
-35.31204 130.04785
6.04350 63.36641
-0.71085 58.53086
-75.76663 -132.73336
5.10278 -136.35468
39.82797 178.23808
74.96228 -117.71281
-65.53315 42.52938
-15.11197 169.60851
50.98364 26.55349
0.39259 -31.08791
10.75688 54.40182
-81.37639 -22.09363
35.53795 107.06605
76.65561 105.49526
-30.82909 98.91413
67.72120 -96.04093
-18.41633 128.59841
-34.31281 8.40183
51.58757 -52.68654
35.23627 -46.19586
-88.89365 135.66251
-7.78306 -135.68598
-85.46689 -7.87409
79.65421 95.60859
-18.71899 131.67310
-81.17659 72.65298
-86.54315 112.56336
26.73593 5.18625
67.03495 22.30575
66.69968 -98.88074
-0.11917 3.79683
-52.17727 -79.63724
-55.69001 19.61277
6.12154 10.66923
-69.18076 21.49494
-6.74262 133.25364
38.06499 139.79597
49.55828 -72.01987
-61.71484 30.21739
-32.06290 -114.31799
50.85127 42.22227
-76.98662 -26.64505
8.02883 -14.98423
62.58583 -48.77378
85.61049 -13.87598
-61.91324 -114.99832
62.01775 -23.43795
80.86834 -158.04595
61.67997 101.01268
13.13864 -143.73599
-50.29546 112.03890
