200
-33.80791 140.68823
6.48715 -120.52060
-55.94706 -54.67843
28.15320 -93.21898
-13.63143 -70.63740
52.13971 -157.65260
82.41969 -44.52465
-56.92918 -17.81895
-22.57154 -13.86177
-18.12614 27.60830
45.47335 -155.24729
-14.21431 -155.27989
-26.68561 116.67610
-66.51331 -134.67649
4.68250 143.33382
15.15038 55.08329
2.04995 -156.59741
0.14322 -67.02615
28.98986 -118.24456
-49.78998 -64.73314
-24.90625 36.74316
3.08732 -41.04919
79.39238 -103.32182
11.16875 108.09536
55.24503 92.46704
-43.92044 52.88088
77.82635 -68.52929
68.06699 -90.11511
54.72077 50.12704
-35.06290 -97.66128
-36.93634 159.16930
-31.13205 -158.83984
-27.72629 77.90995
66.86212 87.19092
6.40213 -128.37639
1.92804 146.71048
30.25916 108.83043
-50.10016 -174.78373
-42.39097 -98.47520
-53.71944 83.48024
-67.87363 103.83616
-44.99564 19.68785
67.57669 -146.66002
9.05541 -9.48202
75.03048 -35.81298
-84.31837 127.03264
-59.62704 -78.46908
-24.73912 156.61829
37.46720 101.76061
71.26815 62.98928
-77.20400 -35.91833
56.00592 57.09666
79.30243 7.15708
82.60190 -121.69117
-57.84792 30.11368
-41.95506 -178.68507
-33.05852 -178.18244
66.18422 84.37051
1.16384 -86.54600
-26.06786 168.04293
5.46511 -133.14216
51.69979 -137.11024
38.07932 118.31462
-17.16492 39.25044
-14.48646 143.68534
-23.97570 -135.94393
23.03286 -54.30455
25.90303 -145.08088
-72.62449 5.01402
-86.47879 160.94303
-51.58969 143.49481
-0.02726 -130.01991
-82.09020 -138.03359
-37.33783 76.62643
17.04441 -16.75452
-39.50540 119.76551
27.42721 -95.27422
-24.50128 107.95762
48.36496 -80.05232
-23.80041 147.03558
-39.79582 148.82661
65.82482 9.62570
-61.67190 -126.54460
45.01423 84.24746
-38.63714 -23.89566
20.78076 -179.65754
77.54949 -102.55766
-15.94284 -151.12488
57.91663 96.98038
46.17154 -6.16524
-44.64158 170.77786
0.87304 89.86193
17.48028 -62.57982
-49.66038 175.22560
-6.39645 168.70000
-15.42618 -19.62558
-86.35975 -10.34911
-10.92024 -22.74188
-66.33554 6.45503
71.12049 -2.86970
-76.34098 -39.47010
-47.29386 -38.21813
-33.19566 30.45346
-76.09291 164.70349
33.65228 -38.95734
13.80381 -66.51688
-47.46373 29.03031
39.24155 -131.06124
21.82231 -148.01835
-59.82954 121.95653
79.59049 167.10413
45.90997 -137.29509
46.59488 -92.58014
-31.05086 -78.78632
13.19444 7.78679
-89.44916 77.02294
-2.29604 -32.00090
-77.95800 -105.64675
26.84209 -134.35950
-75.00173 80.42117
-80.31675 -173.14459
35.22855 -24.69309
-77.36044 36.64801
-65.63485 154.87566
0.60948 -148.69666
35.41216 -92.98527
-56.98914 -136.93743
-14.12231 57.16914
14.61077 -13.95226
46.74513 155.50001
67.58205 -127.69971
-15.13211 7.99064
22.80342 -71.93108
-33.84706 100.69084
-60.27702 -20.14493
71.61022 70.82691
-4.11839 -48.96721
27.56789 109.40882
-83.37918 17.55837
-37.30909 120.98871
-14.19576 -16.55948
-7.95995 136.10961
53.43342 23.65119
21.83089 97.07203
-6.82525 -24.29820
-26.74930 56.10957
-47.23727 -158.51935
-25.20005 166.57853
77.84437 19.27401
24.21897 -77.87621
-54.48139 77.52851
80.49062 60.26618
-2.56768 -43.17035
-29.44552 -147.71847
81.50657 -108.28170
-89.51356 113.46793
-64.27992 157.92548
80.03194 -151.97638
87.29822 -6.05388
-21.37737 45.18260
22.83483 -96.55867
55.64354 -173.00816
-36.53546 -95.72107
86.77991 115.45688
74.24876 37.81948
41.68543 -8.42392
40.72320 140.79399
-42.64654 -7.89765
-21.22889 14.00166
-0.49129 122.20965
-31.22652 19.61942
-75.02292 28.43495
86.77125 112.24346
85.49862 -44.69769
-54.72820 -48.69964
40.53176 59.36063
12.49826 -36.52766
58.03989 -157.63120
-84.14285 63.01701
-84.69925 -56.91140
76.92628 70.66285
-87.53985 -108.90731
68.80656 -178.25975
-73.71372 -81.30137
19.20438 118.21661
9.88821 172.56524
-73.75963 54.53274
-53.88335 -99.45559
-44.22045 -58.98626
-89.91673 -149.03387
43.81752 97.64060
18.63807 -155.67791
53.28483 147.21268
53.55108 -70.07495
16.72633 111.13266
-62.83051 -24.05409
-84.67881 96.57071
-49.38933 -156.66861
50.58035 38.65311
-37.33996 -21.47671
