100
-25.72196 107.35896
73.95189 68.36163
-37.70870 -142.36032
-56.58768 -161.21547
14.05041 151.94685
-31.73408 23.35532
-20.64199 -142.94983
-26.17949 -103.48314
-31.06235 -158.01755
37.35827 129.56001
-27.07136 47.98791
51.68359 148.02599
-18.96848 143.03967
50.07534 125.27195
-88.32374 -45.83993
-74.26425 90.00909
73.47439 92.35948
-34.71761 -126.46557
-46.29794 42.51841
-32.06688 -54.85821
-76.49929 168.24027
22.28767 -9.70524
64.18763 101.05392
85.06330 -19.08013
-13.24809 -33.32600
66.77679 134.90244
-44.40915 -141.30500
-33.14252 -20.60072
-56.96019 73.59484
-7.68635 170.72751
-71.17229 -10.44090
39.95482 -116.01156
-35.50503 -41.49137
72.76644 -156.49645
-31.08352 -29.94039
-20.31944 -158.48280
73.23697 -76.43491
41.88904 -131.97818
72.65503 62.00586
32.08976 21.26256
88.17499 135.10422
-7.57154 113.13416
27.08415 -93.11796
16.10943 123.10768
-53.33818 -14.71808
-50.70330 23.15317
64.44803 91.76175
-26.78340 107.39289
7.89699 -72.98583
39.69144 -58.82994
-31.19798 17.49381
-18.99034 -1.65436
3.82820 -174.93382
5.40732 -70.25559
-65.64837 -8.17313
4.01341 151.78329
30.44610 121.72762
49.94346 -96.14604
55.33634 -67.98170
66.48378 -43.72233
68.55658 -164.09047
49.86685 28.98137
71.00458 -100.80366
-47.46600 169.58846
-89.79554 -59.20423
11.95370 82.54700
37.15889 -16.39532
41.00821 26.20965
39.15051 -156.77267
-82.14693 15.56310
32.97525 157.88999
4.14815 -140.62359
71.92453 -118.81016
3.31426 159.86620
19.05426 -48.49584
-9.55096 -165.47203
-78.60150 24.98965
-41.88910 -32.15941
52.23209 171.27935
-29.88573 -42.76306
41.12916 6.96818
42.46850 -29.34638
57.40439 -75.39108
-29.18488 -80.70806
-38.52357 -135.66136
14.76338 -112.90467
-41.27671 98.39898
7.74417 -74.85191
-67.22033 -43.17797
-87.52252 -51.15605
-31.33348 -2.13017
-26.17487 -114.91271
66.54631 151.60084
64.07931 40.28573
-52.26578 64.87724
26.80130 160.64365
58.13761 -7.21648
-48.29874 -169.06976
72.91259 -36.02670
80.36604 173.26558
